[[29.]
 [24.]
 [21.]
 [17.]
 [26.]
 [30.]
 [36.]
 [23.]
 [27.]
 [ 5.]
 [21.]
 [31.]
 [30.]
 [38.]
 [39.]
 [21.]
 [22.]
 [26.]
 [23.]
 [27.]
 [41.]
 [28.]
 [10.]
 [12.]
 [11.]
 [21.]
 [26.]
 [32.]
 [14.]
 [17.]
 [16.]
 [21.]
 [19.]
 [18.]
 [36.]
 [22.]
 [17.]
 [24.]
 [17.]
 [10.]
 [23.]
 [28.]
 [16.]
 [23.]
 [14.]
 [18.]
 [27.]
 [23.]
 [27.]
 [18.]
 [24.]
 [14.]
 [21.]
 [21.]
 [26.]
 [27.]
 [ 2.]
 [24.]
 [38.]
 [22.]
 [26.]
 [ 1.]
 [11.]
 [12.]
 [21.]
 [16.]
 [36.]
 [22.]
 [10.]
 [13.]
 [17.]
 [11.]
 [15.]
 [29.]
 [29.]
 [18.]
 [11.]
 [ 7.]
 [16.]
 [22.]
 [27.]
 [26.]
 [10.]
 [20.]
 [14.]
 [19.]
 [23.]
 [42.]
 [22.]
 [15.]
 [17.]
 [33.]
 [25.]
 [29.]
 [31.]
 [22.]
 [22.]
 [17.]
 [20.]
 [18.]
 [23.]
 [36.]
 [22.]
 [19.]
 [18.]
 [10.]
 [ 6.]
 [26.]
 [42.]
 [22.]
 [25.]
 [12.]
 [19.]
 [13.]
 [23.]
 [27.]
 [17.]
 [16.]
 [27.]
 [14.]
 [19.]
 [22.]
 [36.]
 [13.]
 [17.]
 [19.]
 [18.]]