[21.2483432  19.09322352 15.68087098 17.87099991 19.65782594 23.6172444
 33.19245591 21.2483432  19.09322352 15.68087098 17.87099991 19.65782594
 23.6172444  33.19245591 21.2483432  19.09322352 15.68087098 17.87099991
 19.65782594 23.6172444  33.19245591 21.2483432  19.09322352 15.68087098
 17.87099991 19.65782594 23.6172444  33.19245591 21.2483432  19.09322352
 15.68087098 17.87099991 19.65782594 23.6172444  33.19245591 21.2483432
 19.09322352 15.68087098 17.87099991 19.65782594 23.6172444  33.19245591
 21.2483432  19.09322352 15.68087098 17.87099991 19.65782594 23.6172444
 33.19245591 21.2483432  19.09322352 15.68087098 17.87099991 19.65782594
 23.6172444  33.19245591 15.68087098 17.87099991 19.65782594 23.6172444
 33.19245591 21.2483432  15.68087098 17.87099991 19.65782594 23.6172444
 33.19245591 21.2483432  19.09322352 15.68087098 17.87099991 19.65782594
 23.6172444  33.19245591 21.2483432  19.09322352 15.68087098 17.87099991
 19.65782594 23.6172444  33.19245591 21.2483432  19.09322352 15.68087098
 17.87099991 19.65782594 23.6172444  33.19245591 21.2483432  19.09322352
 15.68087098 17.87099991 19.65782594 23.6172444  33.19245591 21.2483432
 19.09322352 15.68087098 17.87099991 19.65782594 23.6172444  33.19245591
 21.2483432  19.09322352 15.68087098 17.87099991 19.65782594 23.6172444
 33.19245591 21.2483432  19.09322352 15.68087098 17.87099991 19.65782594
 23.6172444  33.19245591 21.2483432  19.09322352 15.68087098 17.87099991
 19.65782594 23.6172444  33.19245591 21.2483432  19.09322352 15.68087098
 17.87099991]